           0           0   3.8477482107732480E-003

           1          -1   3.7043014452765293E-003
           1           0   3.6623269039391557E-007
           1           1   3.7043014452764985E-003

           2          -2   3.5317433868598119E-003
           2          -1   3.1745075092480166E-006
           2           0   1.0554924356633660E-004
           2           1   3.1745064527276140E-006
           2           2   3.5317433868598080E-003

           3          -3   3.4791233212047930E-003
           3          -2   9.2643279143979981E-007
           3          -1   8.6917236386998555E-004
           3           0   2.2210026674031894E-006
           3           1   8.6917236386997211E-004
           3           2   9.2643279143996943E-007
           3           3   3.4791233212047891E-003

           4          -4   3.4268502588933386E-003
           4          -3   3.0407361632558780E-007
           4          -2   1.1954579537391604E-003
           4          -1   7.0002897549590323E-006
           4           0   1.8505902013499031E-004
           4           1   7.0002871126359654E-006
           4           2   1.1954579537391593E-003
           4           3   3.0407367979262485E-007
           4           4   3.4268502588933390E-003

           5          -5   3.4851539780032838E-003
           5          -4   1.1077832915383676E-006
           5          -3   1.4385876113617003E-003
           5          -2   5.5804866505496706E-007
           5          -1   4.4317404109908812E-004
           5           0   1.3648908294436493E-006
           5           1   4.4317404109908931E-004
           5           2   5.5804866505489284E-007
           5           3   1.4385876113616972E-003
           5           4   1.1077832915383253E-006
           5           5   3.4851539780032894E-003

           6          -6   3.5402060390977100E-003
           6          -5   1.9142584707302961E-006
           6          -4   1.5961609914051844E-003
           6          -3   6.3204519740655302E-006
           6          -2   5.5884147537170546E-004
           6          -1   2.3946891294993970E-005
           6           0   3.6501610444293370E-004
           6           1   2.3946886537237197E-005
           6           2   5.5884147537170600E-004
           6           3   6.3204516986496588E-006
           6           4   1.5961609914051842E-003
           6           5   1.9142584661030533E-006
           6           6   3.5402060390977092E-003

           7          -7   3.7355536154204606E-003
           7          -6   1.5618741045601752E-006
           7          -5   1.7233840305444091E-003
           7          -4   1.6694946165370477E-006
           7          -3   8.4799631941184154E-004
           7          -2   3.1382418107074878E-006
           7          -1   3.1533598875917808E-004
           7           0   6.0719998829915612E-006
           7           1   3.1533598875917125E-004
           7           2   3.1382418107072451E-006
           7           3   8.4799631941184024E-004
           7           4   1.6694946165370765E-006
           7           5   1.7233840305444126E-003
           7           6   1.5618741045601995E-006
           7           7   3.7355536154204442E-003

           8          -8   3.9414917849934965E-003
           8          -7   6.0184776274056169E-007
           8          -6   1.7728998386018907E-003
           8          -5   1.4293357325819748E-005
           8          -4   1.3003347622074313E-003
           8          -3   5.2789216225028414E-005
           8          -2   3.8153596151153495E-004
           8          -1   1.1341147012480675E-004
           8           0   1.3520478164264168E-003
           8           1   1.1341146266131029E-004
           8           2   3.8153596151153457E-004
           8           3   5.2789215442364373E-005
           8           4   1.3003347622074313E-003
           8           5   1.4293357296841739E-005
           8           6   1.7728998386018901E-003
           8           7   6.0184776221440907E-007
           8           8   3.9414917849934974E-003

           9          -9   4.3747030358955823E-003
           9          -8   5.0978057444417974E-006
           9          -7   1.8223750263579596E-003
           9          -6   3.9690418547060591E-005
           9          -5   1.8955955438105924E-003
           9          -4   1.2078534432763996E-004
           9          -3   1.1841465653707032E-003
           9          -2   2.2472825391099151E-004
           9          -1   2.8761701481128123E-003
           9           0   2.7705264840932500E-004
           9           1   2.8761701481127863E-003
           9           2   2.2472825391099159E-004
           9           3   1.1841465653707039E-003
           9           4   1.2078534432763978E-004
           9           5   1.8955955438105952E-003
           9           6   3.9690418547060191E-005
           9           7   1.8223750263579514E-003
           9           8   5.0978057444415390E-006
           9           9   4.3747030358955953E-003

          10         -10   4.8749763198780828E-003
          10          -9   1.2755888686181880E-005
          10          -8   1.8120429787994369E-003
          10          -7   7.4218261751227220E-005
          10          -6   2.5296799986449033E-003
          10          -5   1.8955795609473618E-004
          10          -4   1.7884487072824598E-003
          10          -3   2.8939282674640395E-004
          10          -2   3.4001821730286256E-003
          10          -1   2.9809036929890161E-004
          10           0   2.8710212170627407E-003
          10           1   2.9809038019926285E-004
          10           2   3.4001821730286234E-003
          10           3   2.8939282855496257E-004
          10           4   1.7884487072824594E-003
          10           5   1.8955795620933337E-004
          10           6   2.5296799986449015E-003
          10           7   7.4218261755627386E-005
          10           8   1.8120429787994369E-003
          10           9   1.2755888686275150E-005
          10          10   4.8749763198780828E-003

          11         -11   5.8847002286402245E-003
          11         -10   2.4132860767105107E-005
          11          -9   1.8399982740726862E-003
          11          -8   1.1502681774900383E-004
          11          -7   3.2673999509314055E-003
          11          -6   2.4749664978972560E-004
          11          -5   2.1631908394581468E-003
          11          -4   3.0019828494980366E-004
          11          -3   3.2091451246675229E-003
          11          -2   2.1713802035064082E-004
          11          -1   1.5582472790672101E-003
          11           0   1.4570411449761603E-004
          11           1   1.5582472790671986E-003
          11           2   2.1713802035064065E-004
          11           3   3.2091451246675203E-003
          11           4   3.0019828494980355E-004
          11           5   2.1631908394581507E-003
          11           6   2.4749664978972522E-004
          11           7   3.2673999509313894E-003
          11           8   1.1502681774900398E-004
          11           9   1.8399982740726884E-003
          11          10   2.4132860767105032E-005
          11          11   5.8847002286402271E-003

          12         -12   7.2617057661766102E-003
          12         -11   4.2986389114441445E-005
          12         -10   1.8241411147719487E-003
          12          -9   1.6826215467373708E-004
          12          -8   3.9964198950390387E-003
          12          -7   3.0166267544081923E-004
          12          -6   2.2557382182377826E-003
          12          -5   2.7986796320891491E-004
          12          -4   2.5615040444721278E-003
          12          -3   1.1044283956707066E-004
          12          -2   1.3814943490434451E-004
          12          -1   6.0889902380999541E-006
          12           0   3.6095948126821587E-005
          12           1   6.0889749317014528E-006
          12           2   1.3814943490434396E-004
          12           3   1.1044283585814215E-004
          12           4   2.5615040444721274E-003
          12           5   2.7986796285086707E-004
          12           6   2.2557382182377813E-003
          12           7   3.0166267541796219E-004
          12           8   3.9964198950390379E-003
          12           9   1.6826215467272786E-004
          12          10   1.8241411147719491E-003
          12          11   4.2986389114414482E-005
          12          12   7.2617057661766068E-003

          13         -13   1.0738383394303325E-002
          13         -12   7.1799798453579548E-005
          13         -11   1.9045102299105360E-003
          13         -10   2.3016175380778558E-004
          13          -9   4.9311846514833221E-003
          13          -8   3.4237054281135553E-004
          13          -7   2.1882063474551040E-003
          13          -6   2.3211782651701068E-004
          13          -5   1.8131585248088785E-003
          13          -4   1.1081352512858730E-005
          13          -3   8.7225320622717067E-004
          13          -2   5.9611312827825373E-005
          13          -1   3.4836551945098429E-004
          13           0   3.1740990233411380E-005
          13           1   3.4836551945097611E-004
          13           2   5.9611312827825468E-005
          13           3   8.7225320622716851E-004
          13           4   1.1081352512858486E-005
          13           5   1.8131585248088811E-003
          13           6   2.3211782651701038E-004
          13           7   2.1882063474550940E-003
          13           8   3.4237054281135553E-004
          13           9   4.9311846514833342E-003
          13          10   2.3016175380778531E-004
          13          11   1.9045102299105339E-003
          13          12   7.1799798453580198E-005
          13          13   1.0738383394303353E-002

          14         -14   1.8735786075997390E-002
          14         -13   1.3546714689075670E-004
          14         -12   1.9712742979659981E-003
          14         -11   3.2436469450030237E-004
          14         -10   5.9136190539178434E-003
          14          -9   3.8808100880916631E-004
          14          -8   1.9115222388260791E-003
          14          -7   1.7588467684609351E-004
          14          -6   1.0451840923324585E-003
          14          -5   6.5109401026775795E-005
          14          -4   1.4085455300429746E-003
          14          -3   6.7591567782879534E-005
          14          -2   7.4388471483478893E-005
          14          -1   2.6432672840011139E-006
          14           0   1.6868969879601187E-006
          14           1   2.6432883501641106E-006
          14           2   7.4388471483478568E-005
          14           3   6.7591560709809878E-005
          14           4   1.4085455300429750E-003
          14           5   6.5109400054458300E-005
          14           6   1.0451840923324577E-003
          14           7   1.7588467693869104E-004
          14           8   1.9115222388260788E-003
          14           9   3.8808100881585221E-004
          14          10   5.9136190539178443E-003
          14          11   3.2436469450066770E-004
          14          12   1.9712742979659968E-003
          14          13   1.3546714689076914E-004
          14          14   1.8735786075997390E-002

          15         -15  0.21109865745196046     
          15         -14   2.8884812250098849E-004
          15         -13   2.3576678228794386E-003
          15         -12   4.5029861005758460E-004
          15         -11   7.4881354088508377E-003
          15         -10   4.2417811094570248E-004
          15          -9   1.5423474499758536E-003
          15          -8   1.0889781880511316E-004
          15          -7   3.8493595105173534E-004
          15          -6   1.1524322980605564E-004
          15          -5   1.5985212000472402E-003
          15          -4   4.2627338566871726E-005
          15          -3   3.9751588477159603E-004
          15          -2   3.4061832727999096E-005
          15          -1   1.5819641979927760E-004
          15           0   1.8010841279795788E-005
          15           1   1.5819641979927828E-004
          15           2   3.4061832727999286E-005
          15           3   3.9751588477159576E-004
          15           4   4.2627338566871597E-005
          15           5   1.5985212000472421E-003
          15           6   1.1524322980605566E-004
          15           7   3.8493595105173437E-004
          15           8   1.0889781880511302E-004
          15           9   1.5423474499758588E-003
          15          10   4.2417811094570270E-004
          15          11   7.4881354088508377E-003
          15          12   4.5029861005758482E-004
          15          13   2.3576678228794459E-003
          15          14   2.8884812250098903E-004
          15          15  0.21109865745196055     

          16         -16   2.1084923581772792E-002
          16         -15   3.8492433698570395E-003
          16         -14   3.1718141703780474E-003
          16         -13   7.2821187585824486E-004
          16         -12   9.4973137586892575E-003
          16         -11   4.8577250808062156E-004
          16         -10   9.9276758768497542E-004
          16          -9   3.9839564675452382E-005
          16          -8   1.6701843946353591E-004
          16          -7   1.4492168115638987E-004
          16          -6   1.5064595105732015E-003
          16          -5   4.1439855916240511E-006
          16          -4   8.3172785998429752E-004
          16          -3   4.6482421564443659E-005
          16          -2   2.9283228168611365E-005
          16          -1   5.9334227169936650E-006
          16           0   3.7200472264699592E-005
          16           1   5.9334515281832314E-006
          16           2   2.9283228168611423E-005
          16           3   4.6482408641418365E-005
          16           4   8.3172785998429752E-004
          16           5   4.1439880136384334E-006
          16           6   1.5064595105732010E-003
          16           7   1.4492168147997716E-004
          16           8   1.6701843946353555E-004
          16           9   3.9839564641019009E-005
          16          10   9.9276758768497477E-004
          16          11   4.8577250807758205E-004
          16          12   9.4973137586892541E-003
          16          13   7.2821187585800514E-004
          16          14   3.1718141703780465E-003
          16          15   3.8492433698569142E-003
          16          16   2.1084923581772799E-002

          17         -17   9.3090407854305758E-003
          17         -16   4.4324032722846266E-004
          17         -15   2.5672054338555361E-002
          17         -14   1.3590209265497779E-003
          17         -13   1.4199605696808495E-002
          17         -12   5.5239861333107197E-004
          17         -11   2.9461717490009192E-004
          17         -10   3.5510675821235790E-005
          17          -9   6.0256360428222709E-004
          17          -8   1.5214456951172578E-004
          17          -7   1.2799340133389594E-003
          17          -6   3.9286878888493074E-005
          17          -5   1.1727585242792403E-003
          17          -4   4.5292074003473379E-005
          17          -3   2.1974333278639932E-004
          17          -2   2.2521400686918219E-005
          17          -1   1.0176298811211387E-004
          17           0   1.2705386989909691E-005
          17           1   1.0176298811211206E-004
          17           2   2.2521400686917978E-005
          17           3   2.1974333278640176E-004
          17           4   4.5292074003473257E-005
          17           5   1.1727585242792419E-003
          17           6   3.9286878888492355E-005
          17           7   1.2799340133389570E-003
          17           8   1.5214456951172608E-004
          17           9   6.0256360428222547E-004
          17          10   3.5510675821236041E-005
          17          11   2.9461717490009322E-004
          17          12   5.5239861333107273E-004
          17          13   1.4199605696808528E-002
          17          14   1.3590209265497786E-003
          17          15   2.5672054338555333E-002
          17          16   4.4324032722846266E-004
          17          17   9.3090407854306296E-003

          18         -18   6.2435560930512264E-003
          18         -17   2.2103595128059015E-004
          18         -16   1.6258992770214851E-003
          18         -15   1.6091920734087359E-002
          18         -14   2.4715948465003402E-002
          18         -13   7.3278925711279272E-004
          18         -12   7.2263736839887807E-004
          18         -11   1.2294821616871525E-004
          18         -10   9.0692633151119616E-004
          18          -9   1.4617021474837961E-004
          18          -8   9.2714387704526157E-004
          18          -7   8.4446897377530870E-005
          18          -6   1.3816491076931482E-003
          18          -5   4.0228357884653392E-005
          18          -4   4.5485547155490102E-004
          18          -3   1.5308623980282882E-005
          18          -2   8.9505819268140719E-005
          18          -1   3.0399970559706129E-005
          18           0   1.6434882987191281E-004
          18           1   3.0400010185806117E-005
          18           2   8.9505819268139878E-005
          18           3   1.5308600846829725E-005
          18           4   4.5485547155490092E-004
          18           5   4.0228363625077221E-005
          18           6   1.3816491076931471E-003
          18           7   8.4446898412700446E-005
          18           8   9.2714387704526189E-004
          18           9   1.4617021459514620E-004
          18          10   9.0692633151119595E-004
          18          11   1.2294821614892054E-004
          18          12   7.2263736839887818E-004
          18          13   7.3278925711533474E-004
          18          14   2.4715948465003405E-002
          18          15   1.6091920734089705E-002
          18          16   1.6258992770214855E-003
          18          17   2.2103595128059375E-004
          18          18   6.2435560930512264E-003

          19         -19   4.4082888218347814E-003
          19         -18   1.6468473654161219E-004
          19         -17   3.3630436527654545E-004
          19         -16   1.6651973151985380E-003
          19         -15  0.27478688312670818     
          19         -14   1.1169561222848668E-003
          19         -13   2.5683447943356044E-003
          19         -12   2.2850111830278398E-004
          19         -11   1.1392246627038478E-003
          19         -10   1.2030687620554770E-004
          19          -9   5.3413666710335622E-004
          19          -8   1.2731642897718847E-004
          19          -7   1.5239426001820693E-003
          19          -6   3.4059772134722608E-005
          19          -5   6.3505835922015035E-004
          19          -4   1.0247485210716017E-005
          19          -3   4.2821064406135557E-004
          19          -2   8.2510722787050082E-005
          19          -1   4.2892974764461835E-004
          19           0   8.2407673014030572E-005
          19           1   4.2892974764461531E-004
          19           2   8.2510722787050312E-005
          19           3   4.2821064406135638E-004
          19           4   1.0247485210715992E-005
          19           5   6.3505835922015208E-004
          19           6   3.4059772134722574E-005
          19           7   1.5239426001820600E-003
          19           8   1.2731642897718842E-004
          19           9   5.3413666710335785E-004
          19          10   1.2030687620554769E-004
          19          11   1.1392246627038478E-003
          19          12   2.2850111830278319E-004
          19          13   2.5683447943356096E-003
          19          14   1.1169561222848659E-003
          19          15  0.27478688312670813     
          19          16   1.6651973151985387E-003
          19          17   3.3630436527653590E-004
          19          18   1.6468473654161249E-004
          19          19   4.4082888218347806E-003

          20         -20   3.5261054029020454E-003
          20         -19   1.2740762648041608E-004
          20         -18   7.5279138048143663E-006
          20         -17   7.5284325179115455E-004
          20         -16   2.6838291520328645E-002
          20         -15   1.0691351996504088E-002
          20         -14   6.8430386984151036E-003
          20         -13   4.1913374067824928E-004
          20         -12   1.2207756021258575E-003
          20         -11   8.0779962103474140E-005
          20         -10   7.9398621970387643E-005
          20          -9   1.7313412307015368E-004
          20          -8   1.5623744298413887E-003
          20          -7   2.8693887704395944E-005
          20          -6   7.4050243455247894E-004
          20          -5   4.1941689390230418E-005
          20          -4   7.6950337168854804E-004
          20          -3   1.1407656907076514E-004
          20          -2   4.6086305426311049E-004
          20          -1   8.4460187249995323E-005
          20           0   4.0924416717342014E-004
          20           1   8.4460131747375936E-005
          20           2   4.6086305426310946E-004
          20           3   1.1407652767501823E-004
          20           4   7.6950337168854804E-004
          20           5   4.1941676054880003E-005
          20           6   7.4050243455247862E-004
          20           7   2.8693884538619011E-005
          20           8   1.5623744298413887E-003
          20           9   1.7313412244090428E-004
          20          10   7.9398621970387575E-005
          20          11   8.0779962216047583E-005
          20          12   1.2207756021258571E-003
          20          13   4.1913374069935171E-004
          20          14   6.8430386984150984E-003
          20          15   1.0691351996472765E-002
          20          16   2.6838291520328638E-002
          20          17   7.5284325179108007E-004
          20          18   7.5279138048159986E-006
          20          19   1.2740762648041456E-004
          20          20   3.5261054029020471E-003

          21         -21   2.8149858214813329E-003
          21         -20   1.1039642833062661E-004
          21         -19   1.5379275203546136E-004
          21         -18   5.1210539883913121E-004
          21         -17   1.1499886346593727E-002
          21         -16   8.7874035207298311E-004
          21         -15  0.10043129554038437     
          21         -14   8.2052502811996405E-004
          21         -13   1.2616258164888454E-003
          21         -12   1.2385474160918034E-005
          21         -11   4.3482267360097152E-004
          21         -10   2.1503535559807700E-004
          21          -9   1.5872032045557009E-003
          21          -8   2.1541760272107140E-005
          21          -7   8.1513297173593932E-004
          21          -6   6.9088581041749423E-005
          21          -5   1.0505832515644630E-003
          21          -4   1.1292271951201430E-004
          21          -3   2.6672201139505970E-004
          21          -2   4.5204654798131342E-005
          21          -1   2.0232614964574617E-004
          21           0   3.9012038370773862E-005
          21           1   2.0232614964574549E-004
          21           2   4.5204654798131111E-005
          21           3   2.6672201139506084E-004
          21           4   1.1292271951201385E-004
          21           5   1.0505832515644653E-003
          21           6   6.9088581041749206E-005
          21           7   8.1513297173593812E-004
          21           8   2.1541760272107103E-005
          21           9   1.5872032045557032E-003
          21          10   2.1503535559807679E-004
          21          11   4.3482267360097135E-004
          21          12   1.2385474160918692E-005
          21          13   1.2616258164888485E-003
          21          14   8.2052502811996275E-004
          21          15  0.10043129554038432     
          21          16   8.7874035207298300E-004
          21          17   1.1499886346593787E-002
          21          18   5.1210539883912991E-004
          21          19   1.5379275203545987E-004
          21          20   1.1039642833062637E-004
          21          21   2.8149858214813481E-003

          22         -22   2.4161735869487788E-003
          22         -21   9.4555336574023946E-005
          22         -20   2.2925771645665983E-004
          22         -19   3.6379147508544204E-004
          22         -18   7.4387419955452231E-003
          22         -17   3.0684672487100854E-004
          22         -16   1.2019319498806269E-002
          22         -15   9.7253934573397535E-003
          22         -14   9.1939766467693748E-004
          22         -13   1.1220652282697075E-004
          22         -12   1.0444594415638846E-003
          22         -11   2.6963106150093124E-004
          22         -10   1.5308354633062717E-003
          22          -9   1.1826433054745353E-005
          22          -8   8.4829462375337011E-004
          22          -7   8.9022723728375233E-005
          22          -6   1.2149698585199528E-003
          22          -5   8.7913472367509457E-005
          22          -4   6.8301293451579546E-005
          22          -3   5.4467736047338741E-006
          22          -2   1.8004783250606323E-005
          22          -1   5.7644462142282061E-007
          22           0   2.0743534331142356E-005
          22           1   5.7652507731069785E-007
          22           2   1.8004783250606543E-005
          22           3   5.4466979081684777E-006
          22           4   6.8301293451579790E-005
          22           5   8.7913503638621201E-005
          22           6   1.2149698585199528E-003
          22           7   8.9022733351746546E-005
          22           8   8.4829462375337022E-004
          22           9   1.1826435568120168E-005
          22          10   1.5308354633062720E-003
          22          11   2.6963106210365956E-004
          22          12   1.0444594415638848E-003
          22          13   1.1220652298318909E-004
          22          14   9.1939766467693726E-004
          22          15   9.7253934570021381E-003
          22          16   1.2019319498806273E-002
          22          17   3.0684672487223011E-004
          22          18   7.4387419955452231E-003
          22          19   3.6379147508547332E-004
          22          20   2.2925771645665953E-004
          22          21   9.4555336574027538E-005
          22          22   2.4161735869487771E-003

          23         -23   2.0489253322602311E-003
          23         -22   8.6364666136646198E-005
          23         -21   2.5830247408894694E-004
          23         -20   2.9082287751825146E-004
          23         -19   5.0388291838320996E-003
          23         -18   1.5411931160234552E-004
          23         -17   6.0352153251330412E-003
          23         -16   9.7464730297088843E-004
          23         -15   6.4792788396527533E-003
          23         -14   4.1245955012153622E-004
          23         -13   2.0587785680537115E-003
          23         -12   3.2549699326864853E-004
          23         -11   1.5072002913757931E-003
          23         -10   3.2059567593261240E-006
          23          -9   8.9587280167633342E-004
          23          -8   9.8026805742776468E-005
          23          -7   1.3149232182167090E-003
          23          -6   4.6770616236462162E-005
          23          -5   4.4024264463749841E-004
          23          -4   4.5608283324271150E-005
          23          -3   2.7166540279932111E-005
          23          -2   1.1481483845713533E-005
          23          -1   1.8459340962838957E-005
          23           0   1.0770708623429680E-005
          23           1   1.8459340962834359E-005
          23           2   1.1481483845713370E-005
          23           3   2.7166540279931020E-005
          23           4   4.5608283324271184E-005
          23           5   4.4024264463749939E-004
          23           6   4.6770616236462271E-005
          23           7   1.3149232182167044E-003
          23           8   9.8026805742776725E-005
          23           9   8.9587280167633646E-004
          23          10   3.2059567593263409E-006
          23          11   1.5072002913757935E-003
          23          12   3.2549699326864869E-004
          23          13   2.0587785680537146E-003
          23          14   4.1245955012153725E-004
          23          15   6.4792788396527560E-003
          23          16   9.7464730297088930E-004
          23          17   6.0352153251330594E-003
          23          18   1.5411931160234604E-004
          23          19   5.0388291838320996E-003
          23          20   2.9082287751825130E-004
          23          21   2.5830247408894927E-004
          23          22   8.6364666136646076E-005
          23          23   2.0489253322602207E-003

          24         -24   1.8338886408081707E-003
          24         -23   7.7391869358337765E-005
          24         -22   2.7862836614719698E-004
          24         -21   2.3073744124411951E-004
          24         -20   3.8496521425903283E-003
          24         -19   7.4773366398575214E-005
          24         -18   4.4415845313131074E-003
          24         -17   4.1552375383313952E-004
          24         -16   2.4547673946779471E-003
          24         -15   6.8545568354290249E-003
          24         -14   4.0797317860010425E-003
          24         -13   4.4468530585877191E-004
          24         -12   1.4121130999498782E-003
          24         -11   2.6063764672679591E-005
          24         -10   9.2468648474384497E-004
          24          -9   1.0247557935561154E-004
          24          -8   1.3255641703159029E-003
          24          -7   2.1431355013373959E-006
          24          -6   7.6999676334335001E-004
          24          -5   6.5388237548597890E-005
          24          -4   7.5740407460537536E-005
          24          -3   1.8311029772385993E-007
          24          -2   8.2260320026163862E-006
          24          -1   5.8553840281040309E-006
          24           0   4.0079392820935406E-006
          24           1   5.8555077569114370E-006
          24           2   8.2260320026163219E-006
          24           3   1.8325605926158449E-007
          24           4   7.5740407460537455E-005
          24           5   6.5388314337029040E-005
          24           6   7.6999676334334947E-004
          24           7   2.1431050976706316E-006
          24           8   1.3255641703159024E-003
          24           9   1.0247556904340397E-004
          24          10   9.2468648474384530E-004
          24          11   2.6063767926121192E-005
          24          12   1.4121130999498778E-003
          24          13   4.4468530472747394E-004
          24          14   4.0797317860010443E-003
          24          15   6.8545568320462092E-003
          24          16   2.4547673946779471E-003
          24          17   4.1552375385084210E-004
          24          18   4.4415845313131074E-003
          24          19   7.4773366397848663E-005
          24          20   3.8496521425903309E-003
          24          21   2.3073744124409607E-004
          24          22   2.7862836614719709E-004
          24          23   7.7391869358335827E-005
          24          24   1.8338886408081712E-003

          25         -25   1.6177128312700095E-003
          25         -24   7.2759618014094557E-005
          25         -23   2.7848289875168476E-004
          25         -22   1.9589136849201775E-004
          25         -21   2.9244312587971260E-003
          25         -20   3.4784564240768987E-005
          25         -19   3.3521717765683900E-003
          25         -18   2.6017391500553135E-004
          25         -17   1.8971739223268610E-003
          25         -16   8.7456415282314410E-004
          25         -15   4.7172050110674414E-002
          25         -14   6.7417837006968876E-004
          25         -13   1.4338443186709456E-003
          25         -12   5.9998557811994793E-005
          25         -11   1.0082529763089849E-003
          25         -10   1.0038896380291581E-004
          25          -9   1.3376809784972816E-003
          25          -8   3.9826199239239041E-005
          25          -7   1.0479906092822611E-003
          25          -6   6.2349348747595034E-005
          25          -5   2.8573886379612855E-004
          25          -4   2.1875912270067776E-005
          25          -3   1.4171571338026828E-005
          25          -2   6.4567309675328053E-007
          25          -1   1.1895277457877717E-005
          25           0   2.5586197957835388E-007
          25           1   1.1895277457876880E-005
          25           2   6.4567309675310614E-007
          25           3   1.4171571338026008E-005
          25           4   2.1875912270067918E-005
          25           5   2.8573886379613071E-004
          25           6   6.2349348747595305E-005
          25           7   1.0479906092822604E-003
          25           8   3.9826199239239224E-005
          25           9   1.3376809784972866E-003
          25          10   1.0038896380291523E-004
          25          11   1.0082529763089842E-003
          25          12   5.9998557811994556E-005
          25          13   1.4338443186709504E-003
          25          14   6.7417837006968886E-004
          25          15   4.7172050110674400E-002
          25          16   8.7456415282314345E-004
          25          17   1.8971739223268788E-003
          25          18   2.6017391500553157E-004
          25          19   3.3521717765683913E-003
          25          20   3.4784564240768519E-005
          25          21   2.9244312587971407E-003
          25          22   1.9589136849201765E-004
          25          23   2.7848289875168319E-004
          25          24   7.2759618014094543E-005
          25          25   1.6177128312700167E-003

          26         -26   1.4946511753967549E-003
          26         -25   6.7066571515935622E-005
          26         -24   2.8203041294221385E-004
          26         -23   1.6364705161398926E-004
          26         -22   2.3809563161427019E-003
          26         -21   9.6448083641573718E-006
          26         -20   2.8095985612933013E-003
          26         -19   1.6603021357746540E-004
          26         -18   1.8074717790867491E-003
          26         -17   4.5472674076704425E-004
          26         -16   4.4535316390910181E-003
          26         -15   6.1238865838687713E-003
          26         -14   1.4410004304963846E-003
          26         -13   1.2625076905161951E-004
          26         -12   1.0926709663927605E-003
          26         -11   1.0223728292222840E-004
          26         -10   1.3089266787472641E-003
          26          -9   7.6926474189605498E-005
          26          -8   1.2334603670187455E-003
          26          -7   4.3520303954926079E-005
          26          -6   5.4088240200497631E-004
          26          -5   4.2273105685702181E-005
          26          -4   4.8087932683265244E-005
          26          -3   4.0597107307108182E-006
          26          -2   1.0510217199301829E-006
          26          -1   1.8651686693805792E-006
          26           0   4.6898035701123560E-006
          26           1   1.8653800473153935E-006
          26           2   1.0510217199301407E-006
          26           3   4.0593995191281316E-006
          26           4   4.8087932683265569E-005
          26           5   4.2273315106282850E-005
          26           6   5.4088240200497663E-004
          26           7   4.3520197211151953E-005
          26           8   1.2334603670187453E-003
          26           9   7.6926427299223919E-005
          26          10   1.3089266787472641E-003
          26          11   1.0223730223147982E-004
          26          12   1.0926709663927607E-003
          26          13   1.2625076018370164E-004
          26          14   1.4410004304963853E-003
          26          15   6.1238866195497390E-003
          26          16   4.4535316390910172E-003
          26          17   4.5472674102599916E-004
          26          18   1.8074717790867475E-003
          26          19   1.6603021356195713E-004
          26          20   2.8095985612933009E-003
          26          21   9.6448083650678255E-006
          26          22   2.3809563161427010E-003
          26          23   1.6364705161402699E-004
          26          24   2.8203041294221374E-004
          26          25   6.7066571515938061E-005
          26          26   1.4946511753967555E-003

          27         -27   1.3608557711408140E-003
          27         -26   6.4456284908195717E-005
          27         -25   2.7366005347934200E-004
          27         -24   1.4380011085885356E-004
          27         -23   1.9099916112484997E-003
          27         -22   5.6744252400559138E-006
          27         -21   2.3137882031062616E-003
          27         -20   1.1604886190416787E-004
          27         -19   1.6357078401115959E-003
          27         -18   3.4035167592674130E-004
          27         -17   1.7112527717260955E-003
          27         -16   4.4223966665602761E-004
          27         -15   5.7651837587022435E-003
          27         -14   2.7262659777629937E-004
          27         -13   1.3704136460031757E-003
          27         -12   1.0504873297428413E-004
          27         -11   1.3536513631259713E-003
          27         -10   1.0595308485604158E-004
          27          -9   1.3949347027392212E-003
          27          -8   1.3363391122514988E-005
          27          -7   8.1272586317292055E-004
          27          -6   5.1623334548499936E-005
          27          -5   1.8897802428843700E-004
          27          -4   1.6690539764699565E-005
          27          -3   1.6944999795879602E-006
          27          -2   8.5831099627112357E-007
          27          -1   2.1367903427441480E-006
          27           0   5.6357395997376218E-007
          27           1   2.1367903427475853E-006
          27           2   8.5831099627123898E-007
          27           3   1.6944999795916860E-006
          27           4   1.6690539764699463E-005
          27           5   1.8897802428843662E-004
          27           6   5.1623334548499442E-005
          27           7   8.1272586317291285E-004
          27           8   1.3363391122515112E-005
          27           9   1.3949347027392249E-003
          27          10   1.0595308485604167E-004
          27          11   1.3536513631259705E-003
          27          12   1.0504873297428455E-004
          27          13   1.3704136460031796E-003
          27          14   2.7262659777629926E-004
          27          15   5.7651837587022548E-003
          27          16   4.4223966665602713E-004
          27          17   1.7112527717261042E-003
          27          18   3.4035167592674071E-004
          27          19   1.6357078401115948E-003
          27          20   1.1604886190416807E-004
          27          21   2.3137882031062755E-003
          27          22   5.6744252400562128E-006
          27          23   1.9099916112484910E-003
          27          24   1.4380011085885343E-004
          27          25   2.7366005347934493E-004
          27          26   6.4456284908195866E-005
          27          27   1.3608557711408116E-003

          28         -28   1.2940210485270639E-003
          28         -27   6.0805096642255516E-005
          28         -26   2.7243197011594483E-004
          28         -25   1.2417033424649992E-004
          28         -24   1.6134471633361515E-003
          28         -23   1.5313545519004359E-005
          28         -22   2.0231156633839309E-003
          28         -21   7.7894173135595158E-005
          28         -20   1.5753239732105456E-003
          28         -19   2.5787009550752967E-004
          28         -18   9.0042880886563061E-004
          28         -17   1.1488547194831141E-004
          28         -16   2.8363859040156565E-004
          28         -15   3.4572644990928853E-003
          28         -14   1.9373383145971259E-003
          28         -13   1.3135241527563143E-004
          28         -12   1.4050761295021860E-003
          28         -11   1.3599453152665490E-004
          28         -10   1.4890450151030024E-003
          28          -9   2.1460185743717161E-005
          28          -8   1.0462349335782180E-003
          28          -7   4.8364167747184849E-005
          28          -6   3.8967051272373364E-004
          28          -5   3.4265236557072953E-005
          28          -4   2.8485398633985626E-005
          28          -3   4.2936908321676377E-007
          28          -2   1.1446519893557502E-005
          28          -1   5.3566340278566497E-006
          28           0   1.5932916921544974E-005
          28           1   5.3570823567814648E-006
          28           2   1.1446519893557853E-005
          28           3   4.2853978599552832E-007
          28           4   2.8485398633985467E-005
          28           5   3.4265957824542856E-005
          28           6   3.8967051272373315E-004
          28           7   4.8363689147337338E-005
          28           8   1.0462349335782178E-003
          28           9   2.1459911302188129E-005
          28          10   1.4890450151030022E-003
          28          11   1.3599467947301026E-004
          28          12   1.4050761295021871E-003
          28          13   1.3135232585237319E-004
          28          14   1.9373383145971266E-003
          28          15   3.4572649773328789E-003
          28          16   2.8363859040156608E-004
          28          17   1.1488546725519182E-004
          28          18   9.0042880886563126E-004
          28          19   2.5787009511641057E-004
          28          20   1.5753239732105451E-003
          28          21   7.7894173169091706E-005
          28          22   2.0231156633839305E-003
          28          23   1.5313545521338647E-005
          28          24   1.6134471633361520E-003
          28          25   1.2417033424639125E-004
          28          26   2.7243197011594451E-004
          28          27   6.0805096642251816E-005
          28          28   1.2940210485270639E-003

          29         -29   1.2135049291370470E-003
          29         -28   5.9698557918583576E-005
          29         -27   2.6308280826724126E-004
          29         -26   1.1201951824236871E-004
          29         -25   1.3405904581181790E-003
          29         -24   2.1966917856071569E-005
          29         -23   1.7298586285414699E-003
          29         -22   5.3536261307850273E-005
          29         -21   1.4511470537606596E-003
          29         -20   2.1470838700030296E-004
          29         -19   4.1989498313033531E-004
          29         -18   2.2021713171481802E-005
          29         -17   4.1266305103991504E-004
          29         -16   3.6025208931948576E-004
          29         -15   1.6598843897159887E-002
          29         -14   2.0135430896755973E-004
          29         -13   1.7203092790937288E-003
          29         -12   1.6383187108096701E-004
          29         -11   1.6482044525043984E-003
          29         -10   5.7006639308115150E-005
          29          -9   1.2779333281444224E-003
          29          -8   3.0929472797090820E-005
          29          -7   6.3885686952758344E-004
          29          -6   4.9931939899520451E-005
          29          -5   1.0745202799890409E-004
          29          -4   3.7281605775996788E-006
          29          -3   3.4112842096476387E-005
          29          -2   1.1817507892156655E-005
          29          -1   3.6868827604204203E-005
          29           0   1.2195556456967841E-005
          29           1   3.6868827604201458E-005
          29           2   1.1817507892156672E-005
          29           3   3.4112842096476041E-005
          29           4   3.7281605775995830E-006
          29           5   1.0745202799890475E-004
          29           6   4.9931939899520274E-005
          29           7   6.3885686952758463E-004
          29           8   3.0929472797090935E-005
          29           9   1.2779333281444244E-003
          29          10   5.7006639308115198E-005
          29          11   1.6482044525044008E-003
          29          12   1.6383187108096712E-004
          29          13   1.7203092790937324E-003
          29          14   2.0135430896755884E-004
          29          15   1.6598843897159904E-002
          29          16   3.6025208931948641E-004
          29          17   4.1266305103991217E-004
          29          18   2.2021713171481358E-005
          29          19   4.1989498313033525E-004
          29          20   2.1470838700030301E-004
          29          21   1.4511470537606694E-003
          29          22   5.3536261307850280E-005
          29          23   1.7298586285414632E-003
          29          24   2.1966917856071424E-005
          29          25   1.3405904581181853E-003
          29          26   1.1201951824236893E-004
          29          27   2.6308280826723985E-004
          29          28   5.9698557918583535E-005
          29          29   1.2135049291370533E-003

          30         -30   1.1878001268337971E-003
          30         -29   5.7627562489197014E-005
          30         -28   2.6206057698024109E-004
          30         -27   9.9371725009773850E-005
          30         -26   1.1646681344085153E-003
          30         -25   2.5719869250370026E-005
          30         -24   1.5479698852335921E-003
          30         -23   3.3900306457112525E-005
          30         -22   1.3933337248562435E-003
          30         -21   1.7405194868892629E-004
          30         -20   1.3958296251802239E-004
          30         -19   2.2549885239015989E-005
          30         -18   4.0544937469815911E-004
          30         -17   1.5490138220274288E-004
          30         -16   1.1438921393354265E-003
          30         -15   2.0880553060488370E-003
          30         -14   2.4426085318810351E-003
          30         -13   2.2489932415513329E-004
          30         -12   1.8074519925063931E-003
          30         -11   9.5493337079293299E-005
          30         -10   1.4552778767263010E-003
          30          -9   2.8317616265135019E-006
          30          -8   8.9270240393348322E-004
          30          -7   6.0680894304129925E-005
          30          -6   2.3818746054752969E-004
          30          -5   1.0814797945873827E-005
          30          -4   7.4798128016216928E-005
          30          -3   1.7843028254783978E-005
          30          -2   4.6801807677345375E-005
          30          -1   1.3287910591404129E-005
          30           0   4.3456689322188060E-005
          30           1   1.3286019735644572E-005
          30           2   4.6801807677345755E-005
          30           3   1.7838554252931604E-005
          30           4   7.4798128016216901E-005
          30           5   1.0819984340094395E-005
          30           6   2.3818746054752969E-004
          30           7   6.0676277101905352E-005
          30           8   8.9270240393348388E-004
          30           9   2.8353048317331545E-006
          30          10   1.4552778767262999E-003
          30          11   9.5495882974848124E-005
          30          12   1.8074519925063907E-003
          30          13   2.2489727779042383E-004
          30          14   2.4426085318810325E-003
          30          15   2.0880698802305496E-003
          30          16   1.1438921393354257E-003
          30          17   1.5490119042505795E-004
          30          18   4.0544937469815998E-004
          30          19   2.2549863487345266E-005
          30          20   1.3958296251802209E-004
          30          21   1.7405195129407963E-004
          30          22   1.3933337248562439E-003
          30          23   3.3900306190924859E-005
          30          24   1.5479698852335923E-003
          30          25   2.5719869229905693E-005
          30          26   1.1646681344085156E-003
          30          27   9.9371725010783798E-005
          30          28   2.6206057698024125E-004
          30          29   5.7627562489221564E-005
          30          30   1.1878001268337964E-003

          31         -31   1.1476253406024887E-003
          31         -30   5.7906011200530301E-005
          31         -29   2.5488721539024701E-004
          31         -28   9.1891708310924865E-005
          31         -27   9.9562373472409835E-004
          31         -26   2.8814161221011827E-005
          31         -25   1.3555324117382954E-003
          31         -24   2.0127013581911321E-005
          31         -23   1.2908116815751141E-003
          31         -22   1.4853583963234991E-004
          31         -21   5.7441386763292557E-005
          31         -20   4.6906694024895850E-005
          31         -19   3.3254619621524498E-004
          31         -18   9.4268518018990685E-005
          31         -17   2.9116019062358657E-004
          31         -16   1.9914031495689481E-004
          31         -15   2.1882361160923375E-002
          31         -14   3.5494834985782029E-004
          31         -13   2.3226325042865078E-003
          31         -12   1.3387941374131733E-004
          31         -11   1.6980033463098573E-003
          31         -10   3.4656791622008039E-005
          31          -9   1.1763017630169266E-003
          31          -8   6.1544360351854847E-005
          31          -7   4.2468244379974198E-004
          31          -6   1.9311446850807643E-005
          31          -5   1.4031108893938581E-004
          31          -4   2.4209325849609385E-005
          31          -3   2.9421692310385552E-005
          31          -2   1.0527764781222274E-005
          31          -1   2.3211566210136179E-005
          31           0   9.7501394344039912E-006
          31           1   2.3211566210134959E-005
          31           2   1.0762557974054230E-005
          31           3   2.9421692310384037E-005
          31           4   2.4614389933954871E-005
          31           5   1.4031108893938600E-004
          31           6   1.8833887608720431E-005
          31           7   4.2468244379973737E-004
          31           8   6.2005746345428033E-005
          31           9   1.1763017630169314E-003
          31          10   3.5052795086959761E-005
          31          11   1.6980033463098573E-003
          31          12   1.3354538882677885E-004
          31          13   2.3226325042865143E-003
          31          14   3.5534936752495792E-004
          31          15   2.1882361160923340E-002
          31          16   1.9896780240683386E-004
          31          17   2.9116019062357920E-004
          31          18   9.4284392544451745E-005
          31          19   3.3254619621524411E-004
          31          20   4.6908921345843557E-005
          31          21   5.7441386763294095E-005
          31          22   1.4853554540551235E-004
          31          23   1.2908116815751123E-003
          31          24   2.0127045393717026E-005
          31          25   1.3555324117382978E-003
          31          26   2.8814163730514737E-005
          31          27   9.9562373472409662E-004
          31          28   9.1891708189274657E-005
          31          29   2.5488721539024912E-004
          31          30   5.7906011198128732E-005
          31          31   1.1476253406024796E-003

